# IR Spectrum
# X-Axis:  Frequency (cm-1)
# Y-Axis:  Epsilon
#                  X                   Y               DY/DX
        0.0000000000        0.0001424744        0.0000023798
        7.0000000000        0.0001607155        0.0000028509
       14.0000000000        0.0001826961        0.0000034550
       21.0000000000        0.0002095120        0.0000042425
       28.0000000000        0.0002426919        0.0000052886
       35.0000000000        0.0002844193        0.0000067085
       42.0000000000        0.0003379008        0.0000086851
       49.0000000000        0.0004079982        0.0000115202
       56.0000000000        0.0005023705        0.0000157343
       63.0000000000        0.0006336479        0.0000222772
       70.0000000000        0.0008238633        0.0000330024
       77.0000000000        0.0011142647        0.0000518497
       84.0000000000        0.0016351820        0.0000887496
       91.0000000000        0.0024958853        0.0001683909
       98.0000000000        0.0042814848        0.0003790452
      105.0000000000        0.0089590782        0.0011343881
      112.0000000000        0.0277021005        0.0056936760
      119.0000000000        0.1247499521        0.0092188686
      126.0000000000        0.0359472032       -0.0080602533
      133.0000000000        0.0105370035       -0.0014295298
      140.0000000000        0.0048334280       -0.0004439097
      147.0000000000        0.0027885651       -0.0001876248
      154.0000000000        0.0018491956       -0.0000942814
      161.0000000000        0.0013537793       -0.0000521752
      168.0000000000        0.0010738021       -0.0000298832
      175.0000000000        0.0009158181       -0.0000161716
      182.0000000000        0.0008390368       -0.0000061060
      189.0000000000        0.0008285026        0.0000031667
      196.0000000000        0.0008874897        0.0000142466
      203.0000000000        0.0010412515        0.0000311708
      210.0000000000        0.0013578248        0.0000631256
      217.0000000000        0.0020192603        0.0001374109
      224.0000000000        0.0036077765        0.0003622315
      231.0000000000        0.0087462546        0.0013941997
      238.0000000000        0.0375273201        0.0093312693
      245.0000000000        0.0435849277       -0.0105978537
      252.0000000000        0.0096124105       -0.0016160435
      259.0000000000        0.0037594491       -0.0004047342
      266.0000000000        0.0019891000       -0.0001536871
      273.0000000000        0.0012382188       -0.0000737629
      280.0000000000        0.0014929463       -0.0000306773
      287.0000000000        0.0013439356       -0.0000135812
      294.0000000000        0.0012869743       -0.0000034394
      301.0000000000        0.0012886008        0.0000035632
      308.0000000000        0.0013336815        0.0000091798
      315.0000000000        0.0014161211        0.0000143594
      322.0000000000        0.0015351658        0.0000197301
      329.0000000000        0.0016940229        0.0000258222
      336.0000000000        0.0018996721        0.0000332031
      343.0000000000        0.0021635394        0.0000425969
      350.0000000000        0.0025031004        0.0000550392
      357.0000000000        0.0029448418        0.0000721221
      364.0000000000        0.0035295509        0.0000964384
      371.0000000000        0.0043219823        0.0001324417
      378.0000000000        0.0054293834        0.0001882463
      385.0000000000        0.0070393530        0.0002796977
      392.0000000000        0.0095038606        0.0004405210
      399.0000000000        0.0135465521        0.0007509402
      406.0000000000        0.0218382326        0.0014460680
      413.0000000000        0.0371809244        0.0032597266
      420.0000000000        0.0775171292        0.0098076149
      427.0000000000        0.2406702318        0.0497867653
      434.0000000000        1.0619296708        0.0623891948
      441.0000000000        0.2956080778       -0.0654652172
      448.0000000000        0.0884253467       -0.0117360115
      455.0000000000        0.0415021715       -0.0036568190
      462.0000000000        0.0246864643       -0.0015361778
      469.0000000000        0.0170522718       -0.0007564970
      476.0000000000        0.0131482431       -0.0003993603
      483.0000000000        0.0110929003       -0.0002046409
      490.0000000000        0.0101269554       -0.0000784072
      497.0000000000        0.0099349689        0.0000215143
      504.0000000000        0.0104260060        0.0001204601
      511.0000000000        0.0116731342        0.0002418924
      518.0000000000        0.0139419809        0.0004197846
      525.0000000000        0.0178308908        0.0007206600
      532.0000000000        0.0246696159        0.0013032485
      539.0000000000        0.0377286832        0.0026242304
      546.0000000000        0.0666896384        0.0063600007
      553.0000000000        0.1504677421        0.0214403356
      560.0000000000        0.5496331725        0.1293813862
      567.0000000000        1.4718868472       -0.2237789571
      574.0000000000        0.3066053563       -0.0595400694
      581.0000000000        0.1050078706       -0.0127198901
      588.0000000000        0.0516049474       -0.0044194903
      595.0000000000        0.0298955936       -0.0019995640
      602.0000000000        0.0196163612       -0.0010661883
      609.0000000000        0.0138427049       -0.0006331548
      616.0000000000        0.0136582103       -0.0003631361
      623.0000000000        0.0116330007       -0.0002264881
      630.0000000000        0.0153288563       -0.0000765843
      637.0000000000        0.0150480475       -0.0000066151
      644.0000000000        0.0152064427        0.0000504309
      651.0000000000        0.0157413754        0.0001019619
      658.0000000000        0.0166331909        0.0001531584
      665.0000000000        0.0178949165        0.0002083527
      672.0000000000        0.0195696138        0.0002719251
      679.0000000000        0.0217334477        0.0003490888
      686.0000000000        0.0245046167        0.0004468223
      693.0000000000        0.0280601772        0.0005752528
      700.0000000000        0.0326654654        0.0007499827
      707.0000000000        0.0387257376        0.0009963401
      714.0000000000        0.0468799700        0.0013576944
      721.0000000000        0.0581804830        0.0019129458
      728.0000000000        0.0769048151        0.0028735105
      735.0000000000        0.1072470252        0.0045308149
      742.0000000000        0.1485005430        0.0076229993
      749.0000000000        0.2225799743        0.0145650291
      756.0000000000        0.3802458920        0.0342786918
      763.0000000000        0.8356799383        0.1186013812
      770.0000000000        3.1530535345        0.7331934224
      777.0000000000        3.9678500174       -0.6516796668
      784.0000000000        3.8547078537        0.6534590774
      791.0000000000        6.3976873785       -1.2921362935
      798.0000000000        1.4275104302       -0.2426816156
      805.0000000000        0.5695646966       -0.0575795886
      812.0000000000        0.3215803567       -0.0210154544
      819.0000000000        0.2219880381       -0.0092623601
      826.0000000000        0.1774189085       -0.0040393762
      833.0000000000        0.1607540124       -0.0008961807
      840.0000000000        0.1639235729        0.0018276698
      847.0000000000        0.1881016974        0.0053281082
      854.0000000000        0.2447670441        0.0116070398
      861.0000000000        0.3697350939        0.0265379849
      868.0000000000        0.6901481222        0.0760923345
      875.0000000000        1.8984963541        0.3566322876
      882.0000000000        6.9787002721        0.3087683946
      889.0000000000        8.9844076176       -0.1687591361
      896.0000000000        2.3455691775       -0.4716078769
      903.0000000000        0.7902781315       -0.0944453482
      910.0000000000        0.4044396671       -0.0295077267
      917.0000000000        0.2638669929       -0.0195416779
      924.0000000000        0.1690573025       -0.0087631189
      931.0000000000        0.1234861456       -0.0048369341
      938.0000000000        0.0936672620       -0.0029463765
      945.0000000000        0.0770552895       -0.0018856379
      952.0000000000        0.0617141677       -0.0011396634
      959.0000000000        0.0555473095       -0.0006425246
      966.0000000000        0.0525432054       -0.0002214084
      973.0000000000        0.0524993278        0.0002067569
      980.0000000000        0.0557054183        0.0007365077
      987.0000000000        0.0634107107        0.0015290940
      994.0000000000        0.0785108665        0.0029375019
     1001.0000000000        0.1080608502        0.0059153378
     1008.0000000000        0.1724462805        0.0137213358
     1015.0000000000        0.3437084659        0.0418505809
     1022.0000000000        1.0447943789        0.2147969737
     1029.0000000000        4.4899719462        0.2062618855
     1036.0000000000        1.2326172992       -0.2650779445
     1043.0000000000        0.3923090606       -0.0467108318
     1050.0000000000        0.2092749649       -0.0119767712
     1057.0000000000        0.1756366661        0.0018234404
     1064.0000000000        0.2610777800        0.0288645261
     1071.0000000000        0.9117476788        0.2123825814
     1078.0000000000        0.9381976787       -0.2227986866
     1085.0000000000        0.2342120489       -0.0339768375
     1092.0000000000        0.1095666113       -0.0087439936
     1099.0000000000        0.0715222493       -0.0032185275
     1106.0000000000        0.0568823693       -0.0012189371
     1113.0000000000        0.0535081926        0.0000475057
     1120.0000000000        0.0605985975        0.0025438429
     1127.0000000000        0.1061702712        0.0066794349
     1134.0000000000        0.0804164141       -0.0018964594
     1141.0000000000        0.0888801295        0.0035333533
     1148.0000000000        0.1338930689        0.0106292782
     1155.0000000000        0.2970876006        0.0476978549
     1162.0000000000        0.9091199145       -0.0076020491
     1169.0000000000        0.4962492135       -0.0017502372
     1176.0000000000        0.8976769235        0.1396210742
     1183.0000000000        3.9708899686        0.9049676605
     1190.0000000000        2.6378306814       -0.6515774719
     1197.0000000000        0.6513776231       -0.0990018969
     1204.0000000000        0.2792371206       -0.0269194301
     1211.0000000000        0.1598265835       -0.0104945519
     1218.0000000000        0.1089556851       -0.0048827352
     1225.0000000000        0.0845822717       -0.0023592777
     1232.0000000000        0.0750417941       -0.0008546730
     1239.0000000000        0.0725723968        0.0004443788
     1246.0000000000        0.0816071030        0.0023445919
     1253.0000000000        0.1119439708        0.0072948335
     1260.0000000000        0.2214722977        0.0309147913
     1267.0000000000        0.8660421502        0.1804048762
     1274.0000000000        0.5521873979       -0.1168576751
     1281.0000000000        0.2106558286       -0.0143708114
     1288.0000000000        0.1791534104        0.0022627685
     1295.0000000000        0.2325761106        0.0138267644
     1302.0000000000        0.4103424561        0.0429715109
     1309.0000000000        1.0761031095        0.1924468084
     1316.0000000000        5.0707323445        1.0097706765
     1323.0000000000        2.5195966259       -0.5988077815
     1330.0000000000        0.7142783910       -0.0885269650
     1337.0000000000        0.4318213455       -0.0070013519
     1344.0000000000        0.6814170660        0.1036113284
     1351.0000000000        1.6605622975       -0.1794111782
     1358.0000000000        0.5077270768       -0.0600504888
     1365.0000000000        0.3762377702        0.0129045146
     1372.0000000000        0.5015340687       -0.0246727019
     1379.0000000000        0.5938612224        0.0718092858
     1386.0000000000        1.9711757717        0.1838413123
     1393.0000000000        1.0232460054       -0.2041687245
     1400.0000000000        0.3690504353       -0.0327620753
     1407.0000000000        0.2512486624       -0.0075135354
     1414.0000000000        0.2250487084       -0.0010674095
     1421.0000000000        0.2285748970        0.0018161893
     1428.0000000000        0.2486826394        0.0038861156
     1435.0000000000        0.2824777847        0.0060161567
     1442.0000000000        0.3335498064        0.0087166234
     1449.0000000000        0.4072762514        0.0126159912
     1456.0000000000        0.5153681886        0.0187753759
     1463.0000000000        0.6803142684        0.0293875584
     1470.0000000000        0.9488933284        0.0497471360
     1477.0000000000        1.4336233310        0.0956221931
     1484.0000000000        2.4835919002        0.2351306154
     1491.0000000000        5.8179765951        0.8198169988
     1498.0000000000       13.1078665308        2.2087429514
     1505.0000000000       38.9899593636        1.8209080907
     1512.0000000000       51.7687610296        3.1655770193
     1519.0000000000       20.1789096639       -4.5053739075
     1526.0000000000        5.9429777381       -0.7951046555
     1533.0000000000        2.7589773169       -0.2503808643
     1540.0000000000        1.5918901830       -0.1089817966
     1547.0000000000        1.0360886211       -0.0570049769
     1554.0000000000        0.7284660645       -0.0335246555
     1561.0000000000        0.5405349817       -0.0213833563
     1568.0000000000        0.4171309296       -0.0144743737
     1575.0000000000        0.3317165855       -0.0102533283
     1582.0000000000        0.2701342446       -0.0075287571
     1589.0000000000        0.2242639867       -0.0056913430
     1596.0000000000        0.1891750668       -0.0044070899
     1603.0000000000        0.1617315180       -0.0034823479
     1610.0000000000        0.1398609968       -0.0027995094
     1617.0000000000        0.1221491708       -0.0022843085
     1624.0000000000        0.1076038526       -0.0018882620
     1631.0000000000        0.0955122490       -0.0015787965
     1638.0000000000        0.0853515432       -0.0013334724
     1645.0000000000        0.0767311855       -0.0011364866
     1652.0000000000        0.0693546572       -0.0009764896
     1659.0000000000        0.0618392974       -0.0008312783
     1666.0000000000        0.0441174491       -0.0005728454
     1673.0000000000        0.0275530068       -0.0003459076
     1680.0000000000        0.0000000000        0.0000000000
     1687.0000000000        0.0000000000        0.0000000000
     1694.0000000000        0.0000000000        0.0000000000
     1701.0000000000        0.0000000000        0.0000000000
     1708.0000000000        0.0000000000        0.0000000000
     1715.0000000000        0.0000000000        0.0000000000
     1722.0000000000        0.0000000000        0.0000000000
     1729.0000000000        0.0000000000        0.0000000000
     1736.0000000000        0.0000000000        0.0000000000
     1743.0000000000        0.0000000000        0.0000000000
     1750.0000000000        0.0000000000        0.0000000000
     1757.0000000000        0.0000000000        0.0000000000
     1764.0000000000        0.0000000000        0.0000000000
     1771.0000000000        0.0000000000        0.0000000000
     1778.0000000000        0.0000000000        0.0000000000
     1785.0000000000        0.0000000000        0.0000000000
     1792.0000000000        0.0000000000        0.0000000000
     1799.0000000000        0.0000000000        0.0000000000
     1806.0000000000        0.0000000000        0.0000000000
     1813.0000000000        0.0000000000        0.0000000000
     1820.0000000000        0.0000000000        0.0000000000
     1827.0000000000        0.0000000000        0.0000000000
     1834.0000000000        0.0000000000        0.0000000000
     1841.0000000000        0.0000000000        0.0000000000
     1848.0000000000        0.0000000000        0.0000000000
     1855.0000000000        0.0000000000        0.0000000000
     1862.0000000000        0.0000000000        0.0000000000
     1869.0000000000        0.0000000000        0.0000000000
     1876.0000000000        0.0000000000        0.0000000000
     1883.0000000000        0.0000000000        0.0000000000
     1890.0000000000        0.0000000000        0.0000000000
     1897.0000000000        0.0000000000        0.0000000000
     1904.0000000000        0.0000000000        0.0000000000
     1911.0000000000        0.0000000000        0.0000000000
     1918.0000000000        0.0000000000        0.0000000000
     1925.0000000000        0.0000000000        0.0000000000
     1932.0000000000        0.0000000000        0.0000000000
     1939.0000000000        0.0000000000        0.0000000000
     1946.0000000000        0.0000000000        0.0000000000
     1953.0000000000        0.0000000000        0.0000000000
     1960.0000000000        0.0000000000        0.0000000000
     1967.0000000000        0.0000000000        0.0000000000
     1974.0000000000        0.0000000000        0.0000000000
     1981.0000000000        0.0000000000        0.0000000000
     1988.0000000000        0.0000000000        0.0000000000
     1995.0000000000        0.0000000000        0.0000000000
     2002.0000000000        0.0000000000        0.0000000000
     2009.0000000000        0.0000000000        0.0000000000
     2016.0000000000        0.0000000000        0.0000000000
     2023.0000000000        0.0000000000        0.0000000000
     2030.0000000000        0.0000000000        0.0000000000
     2037.0000000000        0.0000000000        0.0000000000
     2044.0000000000        0.0000000000        0.0000000000
     2051.0000000000        0.0000000000        0.0000000000
     2058.0000000000        0.0000000000        0.0000000000
     2065.0000000000        0.0000000000        0.0000000000
     2072.0000000000        0.0000000000        0.0000000000
     2079.0000000000        0.0000000000        0.0000000000
     2086.0000000000        0.0000000000        0.0000000000
     2093.0000000000        0.0000000000        0.0000000000
     2100.0000000000        0.0000000000        0.0000000000
     2107.0000000000        0.0000000000        0.0000000000
     2114.0000000000        0.0000000000        0.0000000000
     2121.0000000000        0.0000000000        0.0000000000
     2128.0000000000        0.0000000000        0.0000000000
     2135.0000000000        0.0000000000        0.0000000000
     2142.0000000000        0.0000000000        0.0000000000
     2149.0000000000        0.0000000000        0.0000000000
     2156.0000000000        0.0000000000        0.0000000000
     2163.0000000000        0.0000000000        0.0000000000
     2170.0000000000        0.0000000000        0.0000000000
     2177.0000000000        0.0000000000        0.0000000000
     2184.0000000000        0.0000000000        0.0000000000
     2191.0000000000        0.0000000000        0.0000000000
     2198.0000000000        0.0000000000        0.0000000000
     2205.0000000000        0.0000000000        0.0000000000
     2212.0000000000        0.0000000000        0.0000000000
     2219.0000000000        0.0000000000        0.0000000000
     2226.0000000000        0.0000000000        0.0000000000
     2233.0000000000        0.0000000000        0.0000000000
     2240.0000000000        0.0000000000        0.0000000000
     2247.0000000000        0.0000000000        0.0000000000
     2254.0000000000        0.0000000000        0.0000000000
     2261.0000000000        0.0000000000        0.0000000000
     2268.0000000000        0.0000000000        0.0000000000
     2275.0000000000        0.0000000000        0.0000000000
     2282.0000000000        0.0000000000        0.0000000000
     2289.0000000000        0.0000000000        0.0000000000
     2296.0000000000        0.0000000000        0.0000000000
     2303.0000000000        0.0000000000        0.0000000000
     2310.0000000000        0.0000000000        0.0000000000
     2317.0000000000        0.0000000000        0.0000000000
     2324.0000000000        0.0000000000        0.0000000000
     2331.0000000000        0.0000000000        0.0000000000
     2338.0000000000        0.0000000000        0.0000000000
     2345.0000000000        0.0000000000        0.0000000000
     2352.0000000000        0.0000000000        0.0000000000
     2359.0000000000        0.0000000000        0.0000000000
     2366.0000000000        0.0000000000        0.0000000000
     2373.0000000000        0.0000000000        0.0000000000
     2380.0000000000        0.0000000000        0.0000000000
     2387.0000000000        0.0000000000        0.0000000000
     2394.0000000000        0.0000000000        0.0000000000
     2401.0000000000        0.0000000000        0.0000000000
     2408.0000000000        0.0000000000        0.0000000000
     2415.0000000000        0.0000000000        0.0000000000
     2422.0000000000        0.0000000000        0.0000000000
     2429.0000000000        0.0000000000        0.0000000000
     2436.0000000000        0.0000000000        0.0000000000
     2443.0000000000        0.0000000000        0.0000000000
     2450.0000000000        0.0000000000        0.0000000000
     2457.0000000000        0.0000000000        0.0000000000
     2464.0000000000        0.0000000000        0.0000000000
     2471.0000000000        0.0000000000        0.0000000000
     2478.0000000000        0.0000000000        0.0000000000
     2485.0000000000        0.0000000000        0.0000000000
     2492.0000000000        0.0000000000        0.0000000000
     2499.0000000000        0.0000000000        0.0000000000
     2506.0000000000        0.0000000000        0.0000000000
     2513.0000000000        0.0000000000        0.0000000000
     2520.0000000000        0.0000000000        0.0000000000
     2527.0000000000        0.0000000000        0.0000000000
     2534.0000000000        0.0000000000        0.0000000000
     2541.0000000000        0.0000000000        0.0000000000
     2548.0000000000        0.0000000000        0.0000000000
     2555.0000000000        0.0000000000        0.0000000000
     2562.0000000000        0.0000000000        0.0000000000
     2569.0000000000        0.0000000000        0.0000000000
     2576.0000000000        0.0000000000        0.0000000000
     2583.0000000000        0.0000000000        0.0000000000
     2590.0000000000        0.0000000000        0.0000000000
     2597.0000000000        0.0000000000        0.0000000000
     2604.0000000000        0.0000000000        0.0000000000
     2611.0000000000        0.0000000000        0.0000000000
     2618.0000000000        0.0000000000        0.0000000000
     2625.0000000000        0.0000000000        0.0000000000
     2632.0000000000        0.0000000000        0.0000000000
     2639.0000000000        0.0000000000        0.0000000000
     2646.0000000000        0.0000000000        0.0000000000
     2653.0000000000        0.0000000000        0.0000000000
     2660.0000000000        0.0000000000        0.0000000000
     2667.0000000000        0.0000000000        0.0000000000
     2674.0000000000        0.0000000000        0.0000000000
     2681.0000000000        0.0000000000        0.0000000000
     2688.0000000000        0.0000000000        0.0000000000
     2695.0000000000        0.0000000000        0.0000000000
     2702.0000000000        0.0000000000        0.0000000000
     2709.0000000000        0.0000000000        0.0000000000
     2716.0000000000        0.0000000000        0.0000000000
     2723.0000000000        0.0000000000        0.0000000000
     2730.0000000000        0.0000000000        0.0000000000
     2737.0000000000        0.0000000000        0.0000000000
     2744.0000000000        0.0000000000        0.0000000000
     2751.0000000000        0.0000000000        0.0000000000
     2758.0000000000        0.0000000000        0.0000000000
     2765.0000000000        0.0000000000        0.0000000000
     2772.0000000000        0.0000000000        0.0000000000
     2779.0000000000        0.0000000000        0.0000000000
     2786.0000000000        0.0000000000        0.0000000000
     2793.0000000000        0.0000000000        0.0000000000
     2800.0000000000        0.0000000000        0.0000000000
     2807.0000000000        0.0000000000        0.0000000000
     2814.0000000000        0.0000000000        0.0000000000
     2821.0000000000        0.0000000000        0.0000000000
     2828.0000000000        0.0000000000        0.0000000000
     2835.0000000000        0.0000000000        0.0000000000
     2842.0000000000        0.0000000000        0.0000000000
     2849.0000000000        0.0000000000        0.0000000000
     2856.0000000000        0.0000000000        0.0000000000
     2863.0000000000        0.0000000000        0.0000000000
     2870.0000000000        0.0000000000        0.0000000000
     2877.0000000000        0.0520658633        0.0006509279
     2884.0000000000        0.0569398080        0.0007444141
     2891.0000000000        0.2284904378        0.0029472333
     2898.0000000000        0.4002647374        0.0052601429
     2905.0000000000        0.4397984165        0.0060604338
     2912.0000000000        0.4855099838        0.0070322053
     2919.0000000000        0.5387616574        0.0082241403
     2926.0000000000        0.7125584425        0.0111015531
     2933.0000000000        0.7972012479        0.0131606738
     2940.0000000000        1.0283376575        0.0174329420
     2947.0000000000        1.3176508101        0.0229882514
     2954.0000000000        1.7172499044        0.0307841941
     2961.0000000000        1.9560620133        0.0377789369
     2968.0000000000        2.2517741221        0.0471965279
     2975.0000000000        2.6252249266        0.0602456179
     2982.0000000000        3.1083502462        0.0789763618
     2989.0000000000        3.7525286459        0.1070865187
     2996.0000000000        4.6456986156        0.1517906428
     3003.0000000000        5.9512223592        0.2287141751
     3010.0000000000        8.0092200605        0.3770232304
     3017.0000000000       11.6594123227        0.7189420091
     3024.0000000000       19.6501337843        1.8002931503
     3031.0000000000       46.9052544014        7.9202999514
     3038.0000000000      121.9474744532       -3.5748608844
     3045.0000000000      153.0357082718       13.9234933429
     3052.0000000000      303.5294362441      -12.5305481205
     3059.0000000000      270.4198135020      -41.2111685491
     3066.0000000000       77.3659305049       -9.3146166270
     3073.0000000000       55.0066663206        1.1598564185
     3080.0000000000      108.8172539737       18.2623659315
     3087.0000000000      197.6933666972      -14.9782716116
     3094.0000000000      222.3671566285       32.0677839868
     3101.0000000000      247.6714241373        9.3073128916
     3108.0000000000      417.7744911624        6.1057449848
     3115.0000000000      240.9012979568      -55.0215101639
     3122.0000000000       65.2737013408       -9.1625065666
     3129.0000000000       29.8352028325       -2.6872513404
     3136.0000000000       17.4497659964       -1.1463296481
     3143.0000000000       11.6166815238       -0.6004408002
     3150.0000000000        8.3669819762       -0.3569341211
     3157.0000000000        6.3527933012       -0.2310549427
     3164.0000000000        5.0091623916       -0.1589943264
     3171.0000000000        4.0634225123       -0.1145456243
     3178.0000000000        3.3699572803       -0.0855223264
     3185.0000000000        2.8448396419       -0.0657022628
     3192.0000000000        2.4367301957       -0.0516681135
     3199.0000000000        2.0620558516       -0.0408056665
     3206.0000000000        1.7812464680       -0.0329382598
     3213.0000000000        1.4357552937       -0.0255092889
     3220.0000000000        1.1281745073       -0.0194575259
     3227.0000000000        1.0034298065       -0.0163078722
     3234.0000000000        0.8983600977       -0.0138050286
     3241.0000000000        0.8090229241       -0.0117906993
     3248.0000000000        0.6266421975       -0.0088538662
     3255.0000000000        0.5689819295       -0.0076590196
     3262.0000000000        0.4025354633       -0.0052644343
     3269.0000000000        0.2212406144       -0.0028050467
     3276.0000000000        0.0000000000        0.0000000000
     3283.0000000000        0.0000000000        0.0000000000
     3290.0000000000        0.0000000000        0.0000000000
     3297.0000000000        0.0000000000        0.0000000000
     3304.0000000000        0.0000000000        0.0000000000
     3311.0000000000        0.0000000000        0.0000000000
     3318.0000000000        0.0000000000        0.0000000000
     3325.0000000000        0.0000000000        0.0000000000
     3332.0000000000        0.0000000000        0.0000000000
     3339.0000000000        0.0000000000        0.0000000000
     3346.0000000000        0.0000000000        0.0000000000
     3353.0000000000        0.0000000000        0.0000000000
     3360.0000000000        0.0000000000        0.0000000000
     3367.0000000000        0.0000000000        0.0000000000
     3374.0000000000        0.0000000000        0.0000000000
     3381.0000000000        0.0000000000        0.0000000000
     3388.0000000000        0.0000000000        0.0000000000
     3395.0000000000        0.0000000000        0.0000000000
     3402.0000000000        0.0000000000        0.0000000000
     3409.0000000000        0.0000000000        0.0000000000
     3416.0000000000        0.0000000000        0.0000000000
     3423.0000000000        0.0000000000        0.0000000000
     3430.0000000000        0.0000000000        0.0000000000
     3437.0000000000        0.0000000000        0.0000000000
     3444.0000000000        0.0000000000        0.0000000000
     3451.0000000000        0.0000000000        0.0000000000
     3458.0000000000        0.0000000000        0.0000000000
     3465.0000000000        0.0000000000        0.0000000000
     3472.0000000000        0.0000000000        0.0000000000
     3479.0000000000        0.0000000000        0.0000000000
     3486.0000000000        0.0000000000        0.0000000000
     3493.0000000000        0.0000000000        0.0000000000
