# IR Spectrum
# X-Axis:  Frequency (cm-1)
# Y-Axis:  Epsilon
#                  X                   Y               DY/DX
     2956.2300000000        3.0259019975        0.0646349430
     2956.9550310000        3.0733504589        0.0662611903
     2957.6800620000        3.1219988076        0.0679452711
     2958.4050930000        3.1718899397        0.0696898722
     2959.1301240000        3.2230687548        0.0714978353
     2959.8551550000        3.2755822722        0.0733721676
     2960.5801860000        3.3294797548        0.0753160532
     2961.3052170000        3.3848128420        0.0773328655
     2962.0302480000        3.4416356917        0.0794261807
     2962.7552790000        3.5000051325        0.0815997927
     2963.4803100000        3.5599808273        0.0838577282
     2964.2053410000        3.6216254482        0.0862042647
     2964.9303720000        3.6850048649        0.0886439483
     2965.6554030000        3.7501883467        0.0911816144
     2966.3804340000        3.8172487803        0.0938224097
     2967.1054650000        3.8862629036        0.0965718158
     2967.8304960000        3.9573115584        0.0994356755
     2968.5555270000        4.0304799617        0.1024202212
     2969.2805580000        4.1058580003        0.1055321059
     2970.0055890000        4.1835405470        0.1087784373
     2970.7306200000        4.2636278037        0.1121668147
     2971.4556510000        4.3462256725        0.1157053697
     2972.1806820000        4.4314461575        0.1194028107
     2972.9057130000        4.5194078005        0.1232684720
     2973.6307440000        4.6102361537        0.1273123673
     2974.3557750000        4.7040642937        0.1315452491
     2975.0808060000        4.8010333801        0.1359786733
     2975.8058370000        4.9012932639        0.1406250715
     2976.5308680000        5.0050031502        0.1454978298
     2977.2558990000        5.1123323219        0.1506113769
     2977.9809300000        5.2234609300        0.1559812804
     2978.7059610000        5.3385808575        0.1616243550
     2979.4309920000        5.4578966663        0.1675587812
     2980.1560230000        5.5816266346        0.1738042382
     2980.8810540000        5.7100038958        0.1803820514
     2981.6060850000        5.8432776910        0.1873153569
     2982.3311160000        5.9817147470        0.1946292855
     2983.0561470000        6.1256007954        0.2023511675
     2983.7811780000        6.2752422494        0.2105107634
     2984.5062090000        6.4309680574        0.2191405218
     2985.2312400000        6.5931317554        0.2282758696
     2985.9562710000        6.7621137418        0.2379555385
     2986.6813020000        6.9383238048        0.2482219337
     2987.4063330000        7.1222039338        0.2591215503
     2988.1313640000        7.3142314514        0.2707054442
     2988.8563950000        7.5149225105        0.2830297677
     2989.5814260000        7.7248360049        0.2961563769
     2990.3064570000        7.9445779502        0.3101535250
     2991.0314880000        8.1748064021        0.3250966525
     2991.7565190000        8.4162369885        0.3410692930
     2992.4815500000        8.6696491447        0.3581641110
     2993.2065810000        8.9358931561        0.3764840955
     2993.9316120000        9.2158981309        0.3961439367
     2994.6566430000        9.5106810462        0.4172716156
     2995.3816740000        9.8213570359        0.4400102476
     2996.1067050000       10.1491511202        0.4645202239
     2996.8317360000       10.4954116129        0.4909817075
     2997.5567670000       10.8616254865        0.5195975513
     2998.2817980000       11.2494360299        0.5505967193
     2999.0068290000       11.6606631995        0.5842383117
     2999.7318600000       12.0973271425        0.6208163160
     3000.4568910000       12.5616754739        0.6606652343
     3001.1819220000       13.0562150051        0.7041667743
     3001.9069530000       13.5837487776        0.7517578325
     3002.6319840000       14.1474194390        0.8039400597
     3003.3570150000       14.7507602328        0.8612913674
     3004.0820460000       15.3977551690        0.9244798295
     3004.8070770000       16.0929103112        0.9942805526
     3005.5321080000       16.8413385850        1.0715962430
     3006.2571390000       17.6488611145        1.1574824048
     3006.9821700000       18.5221288571        1.2531783647
     3007.7072010000       19.4687693025        1.3601456742
     3008.4322320000       20.4975642776        1.4801159021
     3009.1572630000       21.6186665836        1.6151504541
     3009.8822940000       22.8438653781        1.7677158851
     3010.6073250000       24.1869131271        1.9407792996
     3011.3323560000       25.6639307974        2.1379299559
     3012.0573870000       27.2939131180        2.3635352761
     3012.7824180000       29.0993626589        2.6229423114
     3013.5074490000       31.1070908353        2.9227396314
     3014.2324800000       33.3492366470        3.2710999983
     3014.9575110000       35.8645712714        3.6782315978
     3015.6825420000       38.7001802461        4.1569757250
     3016.4075730000       41.9136471703        4.7236024880
     3017.1326040000       45.5759064708        5.3988740500
     3017.8576350000       49.7749910640        6.2094673475
     3018.5826660000       54.6209764429        7.1898732360
     3019.3076970000       60.2525155445        8.3849092054
     3020.0327280000       66.8454587048        9.8529767889
     3020.7577590000       74.6241241895       11.6701077354
     3021.4827900000       83.8757272329       13.9345425237
     3022.2078210000       94.9680384951       16.7707646873
     3022.9328520000      108.3689354089       20.3298982315
     3023.6578830000      124.6628165183       24.7787710085
     3024.3829140000      144.5501637737       30.2602756187
     3025.1079450000      168.7980868496       36.7900502668
     3025.8329760000      198.0760519550       44.0321420893
     3026.5580070000      232.5680126486       50.9039242538
     3027.2830380000      271.2589893473       55.1213709396
     3028.0080690000      311.0362853786       53.3090457197
     3028.7331000000      346.4396424457       42.8751617338
     3029.4581310000      371.4979668698       25.5816449436
     3030.1831620000      383.6250267670        8.6850682238
     3030.9081930000      386.1224583741       -0.0162449075
     3031.6332240000      386.2410641614        2.0107786970
     3032.3582550000      390.9491430453       11.8719656541
     3033.0832860000      404.0583817956       24.2012582525
     3033.8083170000      425.1328488318       32.7466443328
     3034.5333480000      449.0233127100       30.9234062212
     3035.2583790000      466.3411877916       14.3192687795
     3035.9834100000      466.7797280659      -14.4085589882
     3036.7084410000      445.1305929000      -44.4313054208
     3037.4334720000      404.8394752613      -64.4650914479
     3038.1585030000      354.9907497668      -70.9381377939
     3038.8835340000      304.4234190871      -67.3232226360
     3039.6085650000      258.5337325034      -58.8229686381
     3040.3335960000      219.3906094158      -49.1643916275
     3041.0586270000      187.0619468932      -40.2122868153
     3041.7836580000      160.7478687490      -32.6170561559
     3042.5086890000      139.4219138926      -26.4353929006
     3043.2337200000      122.1143256020      -21.4960349794
     3043.9587510000      108.0058957678      -17.5728671673
     3044.6837820000       96.4385361697      -14.4538364471
     3045.4088130000       86.8956701161      -11.9619538288
     3046.1338440000       78.9755651949       -9.9568870951
     3046.8588750000       72.3663804137       -8.3299674392
     3047.5839060000       66.8255034598       -6.9978584516
     3048.3089370000       62.1633352506       -5.8967815458
     3049.0339680000       58.2308836981       -4.9778084326
     3049.7589990000       54.9103793413       -4.2032113755
     3050.4840300000       52.1082037106       -3.5437005929
     3051.2090610000       49.7495579527       -2.9763554690
     3051.9340920000       47.7744320202       -2.4830803939
     3052.6591230000       46.1345448954       -2.0494507597
     3053.3841540000       44.7910118044       -1.6638469123
     3054.1091850000       43.7125585769       -1.3168000804
     3054.8342160000       42.8741507752       -1.0004943656
     3055.5592470000       42.2559400830       -0.7083837650
     3056.2842780000       41.8424560395       -0.4348940691
     3057.0093090000       41.6219900669       -0.1751873351
     3057.7343400000       41.5861327401        0.0750277023
     3058.4593710000       41.7294357676        0.3196518853
     3059.1844020000       42.0491781839        0.5623282819
     3059.9094330000       42.5452225453        0.8065589723
     3060.6344640000       43.2199520144        1.0558123792
     3061.3594950000       44.0782835394        1.3136267347
     3062.0845260000       45.1277562280        1.5837148925
     3062.8095570000       46.3786977667        1.8700756958
     3063.5345880000       47.8444756344        2.1771174962
     3064.2596190000       49.5418441725        2.5098002147
     3064.9846500000       51.4914036448        2.8738036164
     3065.7096810000       53.7181936196        3.2757313557
     3066.4347120000       56.2524508563        3.7233630253
     3067.1597430000       59.1305720182        4.2259701631
     3067.8847740000       62.3963348786        4.7947173416
     3068.6098050000       66.1024494437        5.4431765904
     3069.3348360000       70.3125342862        6.1879932727
     3070.0598670000       75.1036456967        7.0497551698
     3070.7848980000       80.5695312495        8.0541353742
     3071.5099290000       86.8248394743        9.2334055267
     3072.2349600000       94.0105994974       10.6284513279
     3072.9599910000      102.3013965619       12.2914696891
     3073.6850220000      111.9148207916       14.2895883252
     3074.4100530000      123.1239674328       16.7097227729
     3075.1350840000      136.2740233257       19.6650618813
     3075.8601150000      151.8042770376       23.3036145167
     3076.5851460000      170.2771838712       27.8191589530
     3077.3101770000      192.4162292506       33.4644660763
     3078.0352080000      219.1538076121       40.5652336767
     3078.7602390000      251.6880513019       49.5294390414
     3079.4852700000      291.5409208386       60.8378985478
     3080.2103010000      340.5932702949       74.9819486233
     3080.9353320000      401.0348309583       92.2738056831
     3081.6603630000      475.0898369960      112.3865568269
     3082.3853940000      564.2478281549      133.4126470485
     3083.1104250000      667.5956485149      150.3460502815
     3083.8354560000      779.0153934175      153.7346900732
     3084.5604870000      884.2527681471      131.3589363843
     3085.2855180000      961.5755008353       76.8705638255
     3086.0105490000      990.5636748494        1.6852574270
     3086.7355800000      965.6854124769      -66.7949148813
     3087.4606110000      901.0106167173     -105.8070013464
     3088.1856420000      820.3201634046     -111.9290242611
     3088.9106730000      744.2308190618      -95.2086590225
     3089.6357040000      684.9394719983      -67.2606815560
     3090.3607350000      647.4753724891      -35.9899020945
     3091.0857660000      632.3876308394       -6.2090344813
     3091.8107970000      637.1021331730       17.8460907100
     3092.5358280000      655.5168668918       30.4732942986
     3093.2608590000      676.8760852710       24.9529442540
     3093.9858900000      686.5487103376       -1.4927802899
     3094.7109210000      671.4481197529      -41.0947454307
     3095.4359520000      627.7812220216      -77.4425265509
     3096.1609830000      563.1233403488      -97.7987625911
     3096.8860140000      490.2083202730     -100.8576149220
     3097.6110450000      419.5852952115      -92.6917936267
     3098.3360760000      356.8978088922      -79.8880852630
     3099.0611070000      303.8392023141      -66.6067817281
     3099.7861380000      259.9637259015      -54.7309457393
     3100.5111690000      223.9998225925      -44.8062934878
     3101.2362000000      194.5338831777      -36.7702678549
     3101.9612310000      170.2903358061      -30.3485704681
     3102.6862620000      150.2111895644      -25.2331256996
     3103.4112930000      133.4520091813      -21.1485961167
     3104.1363240000      119.3501228342      -17.8696182708
     3104.8613550000      107.3884347877      -15.2189380833
     3105.5863860000       97.1632207076      -13.0596319101
     3106.3114170000       88.3579914632      -11.2866394041
     3107.0364480000       80.7231522599       -9.8193852470
     3107.7614790000       74.0604780898       -8.5958781922
     3108.4865100000       68.2113593468       -7.5681753903
     3109.2115410000       63.0479158067       -6.6989614888
     3109.9365720000       58.4662642483       -5.9589893014
     3110.6616030000       54.3813951917       -5.3251687998
     3111.3866340000       50.7232518161       -4.7791378059
     3112.1116650000       47.4337095585       -4.3061888195
     3112.8366960000       44.4642335937       -3.8944590456
     3113.5617270000       41.7740493786       -3.5343154019
     3114.2867580000       39.3287039401       -3.2178845663
     3115.0117890000       37.0989266933       -2.9386914734
     3115.7368200000       35.0597214083       -2.6913793749
     3116.4618510000       33.1896377383       -2.4714916222
     3117.1868820000       31.4701831607       -2.2753004537
     3117.9119130000       29.8853454196       -2.0996718103
     3118.6369440000       28.4212024782       -1.9419579380
     3119.3619750000       27.0656021932       -1.7999115590
     3120.0870060000       25.8078978635       -1.6716168858
     3120.8120370000       24.6387288089       -1.5554338664
     3121.5370680000       23.5498374363       -1.4499528839
     3122.2620990000       22.5339160244       -1.3539577627
     3122.9871300000       21.5844778369       -1.2663954096
     3123.7121610000       20.6957482439       -1.1863507841
     3124.4371920000       19.8625723780       -1.1130261681
     3125.1622230000       19.0803365121       -1.0457239230
     3125.8872540000       18.3449008741       -0.9838320886
     3126.6122850000       17.6525420328       -0.9268123057
     3127.3373160000       16.9999033243       -0.8741896511
     3128.0623470000       16.3839520589       -0.8255440492
     3128.7873780000       15.8019424665       -0.7805029903
     3129.5124090000       15.2513835151       -0.7387353362
     3130.2374400000       14.7300108819       -0.6999460339
     3130.9624710000       14.2357624732       -0.6638715889
     3131.6875020000       13.7667569879       -0.6302761783
     3132.4125330000       13.3212750985       -0.5989483037
     3133.1375640000       12.8977428881       -0.5696978995
     3133.8625950000       12.4947172405       -0.5423538296
     3134.5876260000       12.1108729219       -0.5167617133
     3135.3126570000       11.7449911344       -0.4927820336
     3136.0376880000       11.3959493515       -0.4702884855
     3136.7627190000       11.0627122740       -0.4491665326
     3137.4877500000       10.7443237661       -0.4293121410
     3138.2127810000       10.4398996524       -0.4106306678
     3138.9378120000       10.1486212722       -0.3930358812
     3139.6628430000        9.8697296998       -0.3764490980
     3140.3878740000        9.6025205545       -0.3607984193
     3141.1129050000        9.3463393316       -0.3460180550
     3141.8379360000        9.1005771954       -0.3320477234
     3142.5629670000        8.8646671819       -0.3188321184
     3143.2879980000        8.6380807674       -0.3063204343
     3144.0130290000        8.4203247618       -0.2944659424
     3144.7380600000        8.2109384922       -0.2832256125
     3145.4630910000        8.0094912469       -0.2725597741
     3146.1881220000        7.8155799509       -0.2624318129
     3146.9131530000        7.6288270512       -0.2528078986
     3147.6381840000        7.4488785885       -0.2436567393
     3148.3632150000        7.2754024378       -0.2349493614
     3149.0882460000        7.1080867015       -0.2266589106
     3149.8132770000        6.9466382385       -0.2187604722
     3150.5383080000        6.7907813180       -0.2112309092
     3151.2633390000        6.6402563848       -0.2040487151
     3151.9883700000        6.4948189258       -0.1971938808
     3152.7134010000        6.3542384295       -0.1906477737
     3153.4384320000        6.2182974278       -0.1843930283
     3154.1634630000        6.0867906143       -0.1784134458
     3154.8884940000        5.9595240319       -0.1726939038
     3155.6135250000        5.8363143231       -0.1672202729
     3156.3385560000        5.7169880373       -0.1619793414
     3157.0635870000        5.6013809915       -0.1569587460
     3157.7886180000        5.4893376779       -0.1521469088
     3158.5136490000        5.3807107164       -0.1475329790
     3159.2386800000        5.2753603460       -0.1431067807
     3159.9637110000        5.1731539542       -0.1388587632
     3160.6887420000        5.0739656398       -0.1347799575
     3161.4137730000        4.9776758062       -0.1308619342
     3162.1388040000        4.8841707839       -0.1270967664
     3162.8638350000        4.7933424794       -0.1234769950
     3163.5888660000        4.7050880474       -0.1199955961
     3164.3138970000        4.6193095862       -0.1166459522
     3165.0389280000        4.5359138532       -0.1134218244
     3165.7639590000        4.4548119993       -0.1103173274
     3166.4889900000        4.3759193218       -0.1073269062
     3167.2140210000        4.2991550317       -0.1044453149
     3167.9390520000        4.2244420382       -0.1016675960
     3168.6640830000        4.1517067453       -0.0989890628
     3169.3891140000        4.0808788623       -0.0964052816
     3170.1141450000        4.0118912263       -0.0939120563
     3170.8391760000        3.9446796350       -0.0915054130
     3171.5642070000        3.8791826907       -0.0891815870
     3172.2892380000        3.8153416534       -0.0869370097
     3173.0142690000        3.7531003033       -0.0847682965
     3173.7393000000        3.6924048106       -0.0826722362
     3174.4643310000        3.6332036145       -0.0806457804
     3175.1893620000        3.5754473080       -0.0786860340
     3175.9143930000        3.5190885304       -0.0767902462
     3176.6394240000        3.4640818656       -0.0749558022
     3177.3644550000        3.4103837466       -0.0731802151
     3178.0894860000        3.3579523648       -0.0714611193
     3178.8145170000        3.3067475855       -0.0697962627
     3179.5395480000        3.2567308672       -0.0681835011
     3180.2645790000        3.2078651858       -0.0666207920
     3180.9896100000        3.1601149629       -0.0651061888
     3181.7146410000        3.1134459986       -0.0636378356
     3182.4396720000        3.0678254066       -0.0622139625
     3183.1647030000        3.0232215546       -0.0608328808
     3183.8897340000        2.9796040063       -0.0594929786
     3184.6147650000        2.9369434674       -0.0581927171
     3185.3397960000        2.8952117342       -0.0569306260
     3186.0648270000        2.8543816449       -0.0557053010
     3186.7898580000        2.8144270335       -0.0545153993
     3187.5148890000        2.7753226858       -0.0533596371
     3188.2399200000        2.7370442979       -0.0522367865
     3188.9649510000        2.6995684370       -0.0511456726
     3189.6899820000        2.5006725505       -0.0480610743
     3190.4150130000        2.4661923795       -0.0470573253
     3191.1400440000        2.4324297403       -0.0460815945
     3191.8650750000        2.3993646757       -0.0451329043
     3192.5901060000        2.3669779223       -0.0442103184
     3193.3151370000        2.3352508814       -0.0433129390
     3194.0401680000        2.3041655917       -0.0424399055
     3194.7651990000        2.2737047031       -0.0415903923
     3195.4902300000        2.2438514516       -0.0407636074
     3196.2152610000        1.9737275210       -0.0369536965
     3196.9402920000        1.9472055764       -0.0362105193
     3197.6653230000        1.9212152338       -0.0354871595
     3198.3903540000        1.8957423646       -0.0347829600
     3199.1153850000        1.8707733073       -0.0340972899
     3199.8404160000        1.8462948487       -0.0334295433
     3200.5654470000        1.8222942062       -0.0327791375
     3201.2904780000        1.7987590116       -0.0321455128
     3202.0155090000        1.7756772944       -0.0315281307
     3202.7405400000        1.7530374670       -0.0309264738
     3203.4655710000        1.7308283101       -0.0303400439
     3204.1906020000        1.7090389582       -0.0297683620
     3204.9156330000        1.6876588869       -0.0292109667
     3205.6406640000        1.6666779000       -0.0286674143
     3206.3656950000        1.6460861168       -0.0281372772
     3207.0907260000        1.6258739610       -0.0276201436
     3207.8157570000        1.6060321494       -0.0271156170
     3208.5407880000        1.5865516808       -0.0266233152
     3209.2658190000        1.5674238264       -0.0261428697
     3209.9908500000        1.5486401194       -0.0256739255
     3210.7158810000        1.5301923459       -0.0252161402
     3211.4409120000        1.5120725358       -0.0247691835
     3212.1659430000        1.4942729542       -0.0243327368
     3212.8909740000        1.4767860931       -0.0239064928
     3213.6160050000        1.4596046634       -0.0234901548
     3214.3410360000        1.4427215874       -0.0230834365
     3215.0660670000        1.4261299913       -0.0226860614
     3215.7910980000        1.4098231984       -0.0222977625
     3216.5161290000        1.3937947221       -0.0219182820
     3217.2411600000        1.3780382597       -0.0215473707
     3217.9661910000        1.3625476860       -0.0211847879
     3218.6912220000        1.3473170473       -0.0208303010
     3219.4162530000        1.3323405559       -0.0204836851
     3220.1412840000        1.3176125842       -0.0201447228
     3220.8663150000        1.3031276599       -0.0198132039
     3221.5913460000        1.2888804605       -0.0194889249
     3222.3163770000        1.2748658083       -0.0191716893
     3223.0414080000        1.2610786662       -0.0188613066
     3223.7664390000        1.2475141327       -0.0185575926
     3224.4914700000        1.2341674378       -0.0182603692
     3225.2165010000        1.2210339384       -0.0179694636
     3225.9415320000        1.2081091149       -0.0176847089
     3226.6665630000        1.1953885667       -0.0174059432
     3227.3915940000        1.1828680087       -0.0171330097
     3228.1166250000        1.1705432676       -0.0168657567
     3228.8416560000        1.1584102786       -0.0166040369
     3229.5666870000        1.1464650819       -0.0163477079
     3230.2917180000        1.1347038192       -0.0160966315
     3231.0167490000        1.1231227311       -0.0158506738
     3231.7417800000        1.1117181539       -0.0156097048
     3232.4668110000        1.1004865162       -0.0153735986
     3233.1918420000        1.0894243370       -0.0151422332
     3233.9168730000        1.0785282223       -0.0149154900
     3234.6419040000        1.0677948625       -0.0146932541
     3235.3669350000        1.0572210305       -0.0144754141
     3236.0919660000        1.0468035784       -0.0142618616
     3236.8169970000        1.0365394361       -0.0140524918
     3237.5420280000        1.0264256080       -0.0138472025
     3238.2670590000        1.0164591717       -0.0136458948
     3238.9920900000        1.0066372754       -0.0134484727
     3239.7171210000        0.9969571361       -0.0132548427
     3240.4421520000        0.9874160372       -0.0130649141
     3241.1671830000        0.9780113273       -0.0128785990
     3241.8922140000        0.9687404176       -0.0126958117
     3242.6172450000        0.9596007807       -0.0125164691
     3243.3422760000        0.9505899485       -0.0123404904
     3244.0673070000        0.9417055106       -0.0121677970
     3244.7923380000        0.9329451130       -0.0119983125
     3245.5173690000        0.9243064560       -0.0118319629
     3246.2424000000        0.3598334636       -0.0047399223
     3246.9674310000        0.3564213274       -0.0046726780
     3247.6924620000        0.3530574848       -0.0046066994
     3248.4174930000        0.3497410289       -0.0045419569
     3249.1425240000        0.3464710740       -0.0044784216
     3249.8675550000        0.3432467549       -0.0044160656
     3250.5925860000        0.3400672266       -0.0043548616
     3251.3176170000        0.3369316635       -0.0042947832
     3252.0426480000        0.3338392589       -0.0042358046
     3252.7676790000        0.3307892245       -0.0041779007
     3253.4927100000        0.3277807900       -0.0041210472
     3254.2177410000        0.3248132024       -0.0040652204
     3254.9427720000        0.0000000000        0.0000000000
     3255.6678030000        0.0000000000        0.0000000000
     3256.3928340000        0.0000000000        0.0000000000
     3257.1178650000        0.0000000000        0.0000000000
     3257.8428960000        0.0000000000        0.0000000000
     3258.5679270000        0.0000000000        0.0000000000
     3259.2929580000        0.0000000000        0.0000000000
     3260.0179890000        0.0000000000        0.0000000000
     3260.7430200000        0.0000000000        0.0000000000
     3261.4680510000        0.0000000000        0.0000000000
     3262.1930820000        0.0000000000        0.0000000000
     3262.9181130000        0.0000000000        0.0000000000
     3263.6431440000        0.0000000000        0.0000000000
     3264.3681750000        0.0000000000        0.0000000000
     3265.0932060000        0.0000000000        0.0000000000
     3265.8182370000        0.0000000000        0.0000000000
     3266.5432680000        0.0000000000        0.0000000000
     3267.2682990000        0.0000000000        0.0000000000
     3267.9933300000        0.0000000000        0.0000000000
     3268.7183610000        0.0000000000        0.0000000000
     3269.4433920000        0.0000000000        0.0000000000
     3270.1684230000        0.0000000000        0.0000000000
     3270.8934540000        0.0000000000        0.0000000000
     3271.6184850000        0.0000000000        0.0000000000
     3272.3435160000        0.0000000000        0.0000000000
     3273.0685470000        0.0000000000        0.0000000000
     3273.7935780000        0.0000000000        0.0000000000
     3274.5186090000        0.0000000000        0.0000000000
     3275.2436400000        0.0000000000        0.0000000000
     3275.9686710000        0.0000000000        0.0000000000
     3276.6937020000        0.0000000000        0.0000000000
     3277.4187330000        0.0000000000        0.0000000000
     3278.1437640000        0.0000000000        0.0000000000
     3278.8687950000        0.0000000000        0.0000000000
     3279.5938260000        0.0000000000        0.0000000000
     3280.3188570000        0.0000000000        0.0000000000
     3281.0438880000        0.0000000000        0.0000000000
     3281.7689190000        0.0000000000        0.0000000000
     3282.4939500000        0.0000000000        0.0000000000
     3283.2189810000        0.0000000000        0.0000000000
     3283.9440120000        0.0000000000        0.0000000000
     3284.6690430000        0.0000000000        0.0000000000
     3285.3940740000        0.0000000000        0.0000000000
     3286.1191050000        0.0000000000        0.0000000000
     3286.8441360000        0.0000000000        0.0000000000
     3287.5691670000        0.0000000000        0.0000000000
     3288.2941980000        0.0000000000        0.0000000000
     3289.0192290000        0.0000000000        0.0000000000
     3289.7442600000        0.0000000000        0.0000000000
     3290.4692910000        0.0000000000        0.0000000000
     3291.1943220000        0.0000000000        0.0000000000
     3291.9193530000        0.0000000000        0.0000000000
     3292.6443840000        0.0000000000        0.0000000000
     3293.3694150000        0.0000000000        0.0000000000
     3294.0944460000        0.0000000000        0.0000000000
     3294.8194770000        0.0000000000        0.0000000000
     3295.5445080000        0.0000000000        0.0000000000
     3296.2695390000        0.0000000000        0.0000000000
     3296.9945700000        0.0000000000        0.0000000000
     3297.7196010000        0.0000000000        0.0000000000
     3298.4446320000        0.0000000000        0.0000000000
     3299.1696630000        0.0000000000        0.0000000000
     3299.8946940000        0.0000000000        0.0000000000
     3300.6197250000        0.0000000000        0.0000000000
     3301.3447560000        0.0000000000        0.0000000000
     3302.0697870000        0.0000000000        0.0000000000
     3302.7948180000        0.0000000000        0.0000000000
     3303.5198490000        0.0000000000        0.0000000000
     3304.2448800000        0.0000000000        0.0000000000
     3304.9699110000        0.0000000000        0.0000000000
     3305.6949420000        0.0000000000        0.0000000000
     3306.4199730000        0.0000000000        0.0000000000
     3307.1450040000        0.0000000000        0.0000000000
     3307.8700350000        0.0000000000        0.0000000000
     3308.5950660000        0.0000000000        0.0000000000
     3309.3200970000        0.0000000000        0.0000000000
     3310.0451280000        0.0000000000        0.0000000000
     3310.7701590000        0.0000000000        0.0000000000
     3311.4951900000        0.0000000000        0.0000000000
     3312.2202210000        0.0000000000        0.0000000000
     3312.9452520000        0.0000000000        0.0000000000
     3313.6702830000        0.0000000000        0.0000000000
     3314.3953140000        0.0000000000        0.0000000000
     3315.1203450000        0.0000000000        0.0000000000
     3315.8453760000        0.0000000000        0.0000000000
     3316.5704070000        0.0000000000        0.0000000000
     3317.2954380000        0.0000000000        0.0000000000
     3318.0204690000        0.0000000000        0.0000000000
